-5.055206623739706001e-02
-9.177086648502758015e-02
-1.593860701802139734e-01
-2.209812162814945302e-01
-8.970919745146918589e-02
-1.705071761081175252e-01
-1.234036975968950123e-01
-1.901274590207840676e-01
-4.095912131727669214e-02
-2.289298286743805533e-01
-1.001704331444770307e-01
4.507279458828118701e-02
-2.165063340639385991e-01
2.675779530277312690e-02
-1.914920832888637476e-03
-6.495712522362959152e-02
-2.096080565675378926e-01
-1.095734334601681376e-02
-1.129795794853362123e-01
-5.380804203234359345e-02
-6.366918570726862181e-02
-2.601852634303288836e-01
-1.808885911957898440e-01
-1.501520349876902249e-01
5.074309435941050384e-02
-1.071964849809984854e-01
-2.015348187906536859e-01
-2.036534089749502396e-01
-1.117782124357760004e-01
-2.553141412147802436e-01
-2.050016338510265435e-01
-1.738834360488654140e-01
-1.449522463711525599e-01
-1.442952828440581536e-01
-1.434950130497298360e-01
-2.355994292045828775e-01
-2.084621713236946838e-01
-9.704867667800970432e-02
-1.924943407864616596e-01
-2.112112713260721475e-01
-2.023725184432823843e-01
-1.053898478389438120e-01
-2.246278615184995608e-01
-1.467914510598368749e-01
-2.367157572795564879e-01
-7.126633556329128871e-02
-1.310544804709954658e-01
-2.600266617858799090e-01
-2.347446686454165432e-01
-2.591218181382448082e-01
-9.693576383879801139e-02
-2.032468484264232100e-01
-6.527117059321575245e-03
-1.517471427173028575e-01
-8.889297206486436453e-02
-3.424196611465974566e-02
-2.213110051545174872e-01
-1.503152778962900948e-01
-1.718907417053954778e-01
-1.371987153926228220e-01
-8.707113754191289634e-02
-1.282543254415897949e-01
-7.503803591624517988e-02
-6.244759418258225003e-02
-1.021080525699180480e-01
-1.947635902442899636e-01
-1.370748590377544596e-01
-1.666029918305610702e-01
-1.871524856460847763e-01
-2.496401630995877252e-01
-2.032033430066102486e-01
-6.299858210955236459e-02
-1.564576267893409978e-01
-1.168520210639641260e-01
-1.581015007505127967e-01
-1.852495916862108571e-01
-6.650912881224829709e-02
-1.260914616577076541e-01
-1.644013254503164656e-01
-1.979663485060550732e-01
-2.550525930845798372e-01
-2.463714185173374871e-01
-2.019872259680888515e-01
-1.613109735697094982e-01
-3.884830617123781471e-02
-1.037188307382264363e-01
-2.293975030651229374e-01
-4.824641601915809208e-02
-2.022225543636028966e-01
-9.165276830982134471e-02
-1.603033888129493101e-01
-1.884717388444446806e-01
-1.660781585638969604e-01
-1.236601648994231500e-01
-1.146033675743712288e-01
-1.210099410425843069e-01
-1.276959945563881371e-01
-2.977902223537463432e-05
1.123711994042221780e-02
-2.777698236819050592e-01
-1.282663670120931243e-01
-1.936216098705235977e-01
-8.374490817112180407e-02
-6.055100295834300872e-02
-1.583187553189395747e-01
-1.890770507670302414e-01
-1.694287109242774703e-01
-1.788183312422818860e-01
-9.092877405531786528e-02
-2.325163465104431171e-01
-2.277500635280930719e-01
-2.198953159515333253e-02
-7.702291722556503517e-02
-4.893318516503107618e-02
-1.242104911221939556e-01
-2.397067970597733799e-01
-1.695513098519489115e-01
-5.452896489119218870e-02
-1.638407448039296832e-01
-2.216306789659295562e-01
-1.541545283768072927e-01
-1.840540497899533778e-01
-2.502053659274592334e-01
-6.266267389435342672e-02
-1.367402129645379771e-01
-1.688999807640596817e-01
-1.218079663568329973e-01
-1.346768148562763057e-01
-1.300614626206822166e-01
-1.160387393074670953e-01
-1.114680211846127700e-01
-2.113724577293069340e-01
-1.039842029815227914e-01
-1.649530633394121620e-02
-1.936211411383680081e-01
-1.967179401699793023e-02
-1.274392781771812866e-01
-1.354904979301406187e-01
-1.863746948196416953e-01
-2.182999259388020141e-02
-1.866310738917879020e-01
-2.241795731311554130e-01
-8.822345254822822058e-02
-2.027188946047880358e-01
-3.318187865853223367e-02
-5.611192581471850793e-03
-1.360885121888128213e-01
-3.872966047547371504e-02
-1.654115265338142460e-01
-2.047114694870903751e-01
-4.362491082356023675e-02
-1.245440411345595660e-01
-2.360865245858088934e-01
-2.043487407582468829e-01
-1.113447131104461918e-01
-2.194672346051547707e-01
-2.344858049984009096e-01
-1.415247925486319558e-01
-2.986827019098299563e-02
-1.623816920861823054e-01
4.363925612632639332e-03
-1.481520093166673914e-02
-2.091022818777970582e-01
2.629637617462405458e-02
-2.834212014761429074e-02
-9.108298669454130414e-02
-3.085094469826237251e-01
-1.309129367571661429e-01
-2.041993010569863043e-01
-2.407350831200450736e-01
-3.182170391545602328e-01
-3.710093564801272403e-03
-7.804148763728679938e-02
-1.459393756742322634e-01
-2.297629868375956896e-01
-2.339558080904615145e-01
-1.539624207129018374e-01
-2.086199415601912993e-02
-7.376494624870865921e-03
-1.842762572900077112e-01
-1.041136110906047268e-01
-1.916826175323003700e-01
-1.281491878079650537e-01
-2.472467200281004973e-01
-2.393072137343094652e-01
-2.359492424247794651e-01
5.488669734938242915e-03
-8.390404711686980099e-02
-9.833958792562356999e-02
-1.118717091061102037e-01
-2.816950406804984430e-01
-2.007977151764642476e-01
-9.082851668163993697e-02
-2.892724550071958944e-01
-1.608803607657958712e-01
-2.440347882050608042e-01
-2.131552293850574042e-01
-1.521726745894294019e-01
-1.439973395162841563e-01
-1.461601494380410926e-01
-1.580630771593407036e-01
-1.830079914802952568e-01
-9.553495838131223494e-02
-1.459167746057274673e-01
-9.599802977382002056e-02
-2.104117664910531149e-01
-1.952182722789803926e-01
8.903185031735125210e-02
-1.688460892158568927e-01
-2.096799632845037231e-01
-2.451470899915013657e-01
-1.664731888716256825e-01
-9.145556298289008942e-03
-1.765083790870875802e-01
-1.405557190561218528e-01
-1.765249836396603211e-01
-1.404912518228952911e-01
-8.163828326462038709e-02
-2.410741407725831287e-01
-1.838487339146679389e-01
-1.079323008880424400e-01
-7.539578780020250726e-02
-1.039185798633206759e-01
-5.164105417568976703e-02
-8.709177604416733220e-02
-9.315668552117585544e-02
-1.237941198056533160e-01
-9.967552935231233091e-02
-3.363474489050048005e-02
-7.574850307301908559e-02
3.570116600557010633e-02
-1.039205516681463298e-01
-2.350504370975309565e-01
-1.824578261034509596e-01
-5.307267514200921660e-02
-1.119069199211728538e-01
-5.754222222864373987e-02
-1.791708718960070834e-01
-2.851381676331660175e-01
-6.072741524484314563e-02
-1.633883870721316300e-01
-1.031417434558303259e-01
-3.210092979853965134e-01
-2.312867458823410771e-01
-1.217403060265721260e-01
-1.179921834906456392e-02
-1.827865040618412429e-01
-1.771007253417036520e-01
-2.174073272454393191e-01
-2.520522722469931698e-01
-3.324028521117182167e-01
-2.645252020695535999e-01
-1.388415625496441375e-01
-1.210839866923462682e-01
-1.132828127189498407e-01
-1.045024501996115601e-01
-1.372010095011867159e-01
2.109664457827642448e-02
-1.861046103225467707e-01
-1.152014890542267800e-01
-3.711648473236348611e-01
-4.790371859476646316e-02
-6.454638905459338105e-02
-5.384356253600465492e-02
-1.810584666028567935e-01
-1.155297342709946523e-01
-1.456668382184522215e-01
-2.194155600977979736e-01
-1.012464526940404785e-01
-2.382101146907747782e-02
-1.320806900554714058e-01
-4.965289139307832444e-02
-1.419191148852937401e-01
-1.025284585392227388e-01
-5.999612132098661871e-02
-2.992837672078882405e-01
-1.508809006214792969e-01
-1.313265796466561199e-02
-1.285818222935632138e-01
-1.524584724161025528e-01
-9.316161396528711836e-02
-1.304862885303610665e-01
-1.331611677473140132e-01
-2.330571189550983691e-01
-1.582163732736042994e-01
-1.855903392215858261e-01
-1.281092168428469846e-01
-3.227592222258021670e-02
-2.367699897389806407e-01
-1.415758436263258035e-01
-1.980774453185196737e-01
-2.342983722178343109e-01
-1.496545613162139077e-01
2.266500650545053876e-03
-1.788354036510798606e-01
-2.196541771171006685e-01
-9.764125162576083039e-02
-1.598809523881139227e-01
-4.710922326717046499e-02
-7.002018938293107231e-02
